972 5
2 1
3 1
4 2
5 2
6 3
7 4
8 3
9 5
10 8
11 7
12 11
13 11
14 11
15 11
16 14
17 12
18 14
19 17
20 15
21 16
22 17
23 21
24 23
25 22
26 24
27 25
28 25
29 28
30 29
31 28
32 27
33 29
34 29
35 30
36 32
37 34
38 34
39 35
40 38
41 37
42 41
43 39
44 42
45 44
46 44
47 45
48 47
49 47
50 46
51 46
52 49
53 51
54 51
55 50
56 52
57 52
58 57
59 57
60 58
61 58
62 58
63 60
64 62
65 62
66 64
67 66
68 65
69 65
70 66
71 68
72 67
73 69
74 69
75 71
76 75
77 76
78 73
79 74
80 77
81 78
82 80
83 82
84 83
85 84
86 85
87 85
88 83
89 87
90 89
91 89
92 89
93 89
94 90
95 90
96 92
97 93
98 96
99 94
100 98
101 98
102 100
103 98
104 102
105 102
106 104
107 103
108 103
109 104
110 109
111 107
112 107
113 112
114 110
115 111
116 113
117 112
118 113
119 116
120 117
121 116
122 120
123 121
124 119
125 123
126 122
127 125
128 125
129 128
130 125
131 130
132 131
133 132
134 130
135 133
136 134
137 133
138 136
139 136
140 138
141 139
142 137
143 138
144 140
145 140
146 142
147 145
148 145
149 147
150 148
151 148
152 149
153 149
154 149
155 150
156 153
157 152
158 155
159 157
160 156
161 160
162 159
163 161
164 162
165 163
166 163
167 163
168 165
169 166
170 166
171 167
172 171
173 170
174 170
175 172
176 171
177 172
178 177
179 176
180 177
181 177
182 181
183 178
184 183
185 181
186 185
187 182
188 184
189 185
190 185
191 186
192 190
193 190
194 190
195 193
196 195
197 194
198 194
199 195
200 198
201 196
202 198
203 200
204 200
205 202
206 201
207 206
208 207
209 204
210 207
211 208
212 207
213 209
214 210
215 212
216 212
217 216
218 214
219 215
220 218
221 220
222 218
223 219
224 222
225 223
226 221
227 225
228 224
229 224
230 228
231 226
232 229
233 231
234 232
235 230
236 233
237 234
238 235
239 236
240 239
241 240
242 237
243 242
244 243
245 241
246 245
247 246
248 244
249 245
250 246
251 247
252 250
253 248
254 249
255 253
256 253
257 253
258 254
259 255
260 255
261 257
262 257
263 258
264 263
265 261
266 263
267 266
268 264
269 266
270 265
271 266
272 270
273 271
274 270
275 272
276 274
277 272
278 277
279 276
280 279
281 279
282 278
283 279
284 282
285 283
286 284
287 284
288 284
289 288
290 285
291 289
292 289
293 292
294 291
295 294
296 292
297 295
298 296
299 295
300 299
301 297
302 301
303 300
304 299
305 300
306 304
307 305
308 304
309 304
310 306
311 307
312 310
313 309
314 310
315 310
316 313
317 314
318 317
319 318
320 317
321 319
322 317
323 321
324 321
325 320
326 325
327 324
328 323
329 324
330 327
331 326
332 331
333 328
334 333
335 330
336 333
337 336
338 335
339 338
340 336
341 340
342 341
343 338
344 340
345 341
346 343
347 343
348 346
349 345
350 345
351 346
352 348
353 348
354 353
355 350
356 355
357 352
358 357
359 356
360 355
361 357
362 358
363 358
364 363
365 363
366 364
367 362
368 366
369 367
370 365
371 368
372 367
373 370
374 372
375 374
376 374
377 372
378 373
379 376
380 379
381 377
382 377
383 378
384 381
385 381
386 385
387 384
388 383
389 385
390 389
391 388
392 390
393 388
394 392
395 392
396 395
397 394
398 397
399 394
400 399
401 397
402 400
403 398
404 403
405 401
406 404
407 403
408 407
409 406
410 405
411 410
412 410
413 408
414 413
415 413
416 411
417 415
418 417
419 414
420 419
421 420
422 420
423 422
424 420
425 421
426 421
427 424
428 424
429 427
430 426
431 426
432 428
433 430
434 431
435 432
436 433
437 434
438 435
439 436
440 439
441 440
442 438
443 442
444 440
445 441
446 442
447 446
448 447
449 446
450 448
451 446
452 448
453 450
454 453
455 451
456 454
457 456
458 454
459 457
460 459
461 458
462 458
463 459
464 463
465 462
466 461
467 463
468 465
469 467
470 468
471 466
472 469
473 468
474 469
475 471
476 472
477 474
478 477
479 476
480 479
481 476
482 479
483 478
484 482
485 480
486 483
487 486
488 483
489 486
490 487
491 487
492 488
493 488
494 489
495 490
496 493
497 496
498 494
499 494
500 495
501 500
502 497
503 500
504 500
505 504
506 502
507 505
508 505
509 508
510 508
511 509
512 510
513 509
514 510
515 514
516 512
517 516
518 515
519 517
520 518
521 518
522 520
523 521
524 519
525 522
526 522
527 525
528 523
529 527
530 529
531 526
532 530
533 529
534 531
535 531
536 531
537 534
538 534
539 535
540 536
541 536
542 537
543 539
544 540
545 542
546 542
547 545
548 546
549 544
550 546
551 546
552 548
553 548
554 553
555 554
556 555
557 552
558 555
559 558
560 555
561 558
562 557
563 561
564 559
565 564
566 562
567 564
568 566
569 565
570 565
571 567
572 567
573 570
574 569
575 570
576 573
577 573
578 577
579 578
580 579
581 580
582 580
583 580
584 579
585 580
586 581
587 585
588 584
589 587
590 589
591 590
592 588
593 589
594 592
595 591
596 595
597 594
598 593
599 596
600 597
601 599
602 600
603 601
604 599
605 602
606 601
607 602
608 604
609 608
610 609
611 608
612 609
613 609
614 610
615 610
616 615
617 613
618 615
619 614
620 617
621 616
622 619
623 620
624 622
625 621
626 621
627 624
628 623
629 624
630 629
631 627
632 629
633 632
634 631
635 632
636 634
637 636
638 633
639 636
640 636
641 640
642 641
643 639
644 641
645 644
646 642
647 645
648 643
649 646
650 648
651 648
652 649
653 651
654 649
655 652
656 652
657 656
658 654
659 655
660 657
661 659
662 659
663 659
664 660
665 663
666 663
667 664
668 664
669 668
670 667
671 668
672 669
673 672
674 670
675 673
676 674
677 672
678 674
679 678
680 677
681 676
682 677
683 682
684 681
685 684
686 685
687 685
688 684
689 685
690 685
691 688
692 690
693 692
694 692
695 694
696 693
697 694
698 697
699 695
700 697
701 700
702 699
703 700
704 699
705 702
706 705
707 703
708 704
709 707
710 705
711 710
712 708
713 711
714 709
715 712
716 711
717 712
718 715
719 718
720 716
721 716
722 717
723 721
724 723
725 720
726 722
727 725
728 725
729 726
730 727
731 730
732 727
733 729
734 732
735 733
736 734
737 732
738 737
739 735
740 737
741 738
742 739
743 738
744 742
745 742
746 741
747 744
748 747
749 746
750 748
751 749
752 748
753 752
754 752
755 754
756 753
757 753
758 754
759 755
760 755
761 757
762 760
763 760
764 759
765 760
766 763
767 764
768 763
769 768
770 767
771 770
772 768
773 771
774 770
775 771
776 772
777 772
778 776
779 776
780 778
781 776
782 778
783 780
784 779
785 783
786 782
787 786
788 787
789 784
790 785
791 788
792 788
793 792
794 790
795 793
796 792
797 794
798 794
799 798
800 796
801 797
802 797
803 798
804 799
805 804
806 805
807 804
808 803
809 808
810 807
811 810
812 807
813 811
814 810
815 810
816 814
817 814
818 813
819 815
820 817
821 820
822 817
823 821
824 823
825 822
826 824
827 822
828 824
829 825
830 828
831 828
832 829
833 832
834 831
835 834
836 831
837 836
838 833
839 836
840 838
841 839
842 840
843 839
844 839
845 841
846 845
847 842
848 846
849 848
850 848
851 850
852 850
853 852
854 852
855 850
856 853
857 853
858 853
859 856
860 859
861 858
862 857
863 861
864 863
865 860
866 861
867 862
868 867
869 865
870 866
871 866
872 870
873 872
874 872
875 871
876 874
877 875
878 877
879 876
880 877
881 877
882 878
883 882
884 882
885 882
886 884
887 885
888 884
889 886
890 886
891 890
892 891
893 890
894 893
895 890
896 895
897 895
898 897
899 894
900 898
901 900
902 901
903 902
904 903
905 901
906 902
907 904
908 906
909 905
910 907
911 907
912 907
913 908
914 911
915 914
916 914
917 916
918 913
919 916
920 917
921 920
922 917
923 921
924 922
925 922
926 925
927 924
928 925
929 924
930 926
931 928
932 928
933 928
934 933
935 930
936 935
937 934
938 934
939 934
940 936
941 938
942 939
943 942
944 943
945 943
946 943
947 946
948 945
949 947
950 945
951 946
952 949
953 948
954 950
955 952
956 953
957 952
958 953
959 958
960 958
961 959
962 957
963 960
964 959
965 964
966 961
967 964
968 963
969 965
970 967
971 967
972 971
7
301 971 833 207 98 28 352
5
141 87 555 119 830
6
61 670 237 748 797 150
17
15 36 338 114 470 100 366 420 252 684 573 907 803 280 935 175 253
1
868